397
4940
2263
6652
4697
4018
3405
5015
5047
2937
7783
136
1606
937
2125
465
3210
4052
746
3196
6713
5169
3761
38
4256
1231
8117
2022
130
5457
1256
8133
7184
224
987
8173
6724
61
8217
4806
749
667
2575
1394
1219
1225
4459
110
124
794
4959
1020
5739
5318
7
882
2904
7384
854
1362
691
7508
87
7797
7963
3134
3786
171
5170
676
1012
74
2826
8211
2926
1675
951
1483
373
7451
232
5402
4008
3746
493
8255
3548
7718
3924
285
934
1695
4919
4794
2252
173
441
2630
1157
2446
7273
6098
801
482
1757
1533
3812
6210
1642
4037
892
345
1999
7445
250
3203
1814
7873
6225
4591
3048
3511
2264
145
1879
1946
2674
3368
30
7454
317
336
293
758
316
1633
1414
47
3170
585
533
77
2120
1889
3561
1314
248
4654
6790
5004
619
115
1953
4028
1470
7997
762
4943
96
5476
7230
1708
6934
3292
7424
847
1099
1697
1540
5627
360
729
6167
2134
2099
86
2556
103
3665
3596
5272
4010
382
7359
4968
4882
1137
764
461
4113
5554
4026
392
5700
3144
292
1830
1538
2660
6910
3749
7280
1863
4111
383
251
429
11
352
2678
210
3075
0
572
925
780
1936
700
405
3584
6499
7258
7421
5300
62
334
862
890
5058
2433
4220
1688
3084
7804
247
5406
4869
2051
6789
2770
6080
932
2425
4350
4595
1684
5649
6019
7502
3216
3600
2155
983
6568
2930
4169
2441
3880
1345
1373
34
2034
2518
556
56
620
1592
459
6732
5448
697
5797
5353
4014
148
835
2683
3867
984
2673
2534
72
7743
8016
2040
1132
4655
521
3491
5443
1347
7397
4321
1123
2495
6600
701
228
2432
358
3088
6935
1371
583
7765
2833
1113
1795
1122
508
844
2257
2345
444
404
1827
7430
2960
5529
3849
133
1062
396
440
5173
223
418
4202
3408
969
344
413
3215
565
2136
3936
1303
4752
2868
4150
126
128
4156
7297
1396
2451
4093
5084
174
976
3765
941
7436
339
2370
905
4154
900
1831
4812
2357
2486
2862
7392
3505
4613
453
682
787
535
1474
4565
2719
3572
2235
5901
4015
1952
547
271
986
598
5182
185
5438
4119
719
4073
4530
3005
69
1870
447
387
401
2592
209
1232
3745
55
5566
3284
4143
200
2586
6978
5742
1301
638
2232
1306
595
127
314
1437
425
1000
2898
2350
1216
3454
6681
3433
2124
8095
5235
4994
658
4002
950
3997
1217
3700
1222
2532
1739
5798
4109
5192
6982
2339
3376
1954
1229
3857
940
5220
4027
239
6631
478
408
541
5908
2471
680
1006
534
455
2245
212
5814
2424
3728
783
4928
186
539
910
4497
426
291
318
427
2194
333
1817
3513
8201
3774
5255
8049
184
298
2208
1
494
2396
3597
848
149
4743
308
601
256
604
1307
7853
123
305
3833
599
537
357
350
1296
73
4135
4024
82
2417
2931
5405
609
1949
1980
1820
505
1415
403
193
1334
2964
158
2173
7275
2764
1715
3007
116
4977
7272
2097
2429
375
5604
1576
469
3374
164
368
962
2426
240
5277
138
4104
3550
2452
1939
1602
670
3830
3602
5486
592
1402
166
564
246
5416
607
49
2531
457
1209
3999
1064
3736
3345
2788
434
7278
135
3834
197
7773
7871
4786
1872
7199
13
2769
3785
1212
1302
1218
2895
109
402
46
7440
31
28
119
8113
7442
2083
1308
2020
132
340
5150
159
985
6371
2416
957
306
3820
814
1986
255
129
1156
722
342
2006
1676
4726
1806
1709
3039
422
5139
296
1931
7404
274
1854
1310
394
7806
414
466
51
6772
157
1526
610
3788
346
1837
524
2508
4017
689
1895
214
1504
1408
196
736
7876
90
2241
284
832
909
470
513
536
369
582
5269
6489
286
492
192
1531
606
3427
2359
144
39
381
1951
2651
279
552
4011
81
121
5163
475
443
451
3738
23
45
1095
3231
235
2003
3004
895
3652
18
1815
5560
1366
3322
627
1390
435
35
462
1309
4006
88
980
7470
4
112
150
576
3495
548
282
949
5254
191
182
1518
1069
538
3944
1877
8077
257
111
999
516
24
1860
1145
59
1530
1311
1304
5033
1484
331
853
782
1883
1059
621
3041
380
411
542
68
480
268
471
4207
3660
1805
6161
300
289
3897
1380
280
1038
4138
2871
134
3769
1637
5180
6
811
353
600
7287
816
4022
43
5251
512
549
554
365
3664
2010
2159
252
456
60
225
249
2408
4035
20
546
264
7296
904
288
590
388
894
551
5658
3417
5
416
244
838
4935
431
4352
79
64
1886
732
104
4041
50
942
93
221
603
819
376
40
553
2934
7233
272
349
716
83
2037
7875
2604
452
102
766
281
410
1904
2244
2230
6678
391
586
2528
390
101
579
311
409
3498
526
4060
966
588
341
57
2117
3081
287
2503
1807
80
114
2437
290
2242
5775
458
4013
2580
2237
532
517
361
430
529
714
1337
846
1773
303
6005
571
6078
3105
139
320
245
1923
1658
1072
2004
179
417
265
1947
322
1117
269
243
445
2654
17
1399
615
2494
725
2293
14
4001
1403
1313
328
642
141
2116
1728
260
5250
125
602
694
3764
446
2
1316
587
366
118
715
996
2894
7060
41
703
460
574
555
384
131
1315
177
299
168
372
830
3578
1252
506
3543
1687
1528
5569
156
4803
544
160
559
518
94
363
395
1305
855
4761
2435
1197
122
768
1512
312
1974
1286
9
520
377
323
1875
1210
2595
48
775
491
419
294
1612
468
2163
1909
327
108
