108
2163
468
4803
1909
327
1974
1875
1612
775
491
294
1512
1528
520
1197
377
2595
1286
1210
419
122
48
395
9
160
3578
323
4001
2894
1315
768
3543
312
299
855
830
1305
2654
168
3105
5569
1313
2528
1687
1252
2237
1773
2435
2117
363
177
5250
996
118
94
2494
1316
265
7060
2116
1728
384
3417
6005
3764
3664
3004
518
245
366
156
5269
615
559
506
303
141
131
1399
2417
2004
446
8016
1658
365
260
5180
1904
1117
2230
1072
544
445
372
1883
942
715
409
125
80
14
1980
1947
1923
846
694
361
2
4035
2437
2010
703
587
2580
980
290
5775
5163
4060
3498
3345
2769
2651
2037
819
458
243
179
5416
2503
2293
2159
460
287
1860
1311
280
279
7296
5033
4207
1986
1307
1095
492
328
289
269
6161
2245
2003
1807
966
517
6371
3602
1886
1815
1302
766
272
7421
5272
4761
4013
3785
2508
2429
2350
1403
853
832
602
471
139
40
5279
4026
3997
2766
1218
811
725
571
551
526
281
249
57
7875
5658
5251
4022
4014
2770
2235
1877
1380
1069
456
114
41
7773
4796
3700
3427
2895
2020
1739
1337
1310
555
532
452
264
5
5271
5254
5084
4011
3769
3505
3284
1939
1931
1805
949
894
716
600
305
288
43
4352
3820
3788
3652
3081
2833
2531
1895
1222
1216
816
621
7233
5004
4028
3780
3746
3495
3374
3372
2871
2683
2446
2426
2424
2232
2134
2125
1814
1518
904
590
576
311
257
255
252
159
134
129
60
45
4786
4002
3999
3789
3550
2960
2934
2530
2457
1954
1924
1837
895
838
782
722
603
574
391
308
235
111
8211
8188
7232
5049
4052
4024
2730
2443
2416
2339
2244
2242
2006
1889
1854
1232
1204
985
475
444
380
341
244
104
82
50
8202
7804
7420
6489
5560
5182
4882
4037
3548
2673
2604
2532
2452
2432
2359
2120
1863
1806
1309
588
549
417
416
375
314
296
293
174
83
8217
7600
6018
5255
4686
4010
3526
3231
3216
3075
2433
2083
2029
1576
1157
762
586
554
548
529
480
441
191
166
7871
7359
7273
5901
4996
4752
4150
4017
3813
3774
3600
2899
2486
2451
2441
1366
1304
1225
1156
1145
890
579
390
340
331
322
282
276
271
184
135
5220
5042
5014
4726
4143
4138
3812
2804
2586
2534
2425
2025
1879
1715
1538
736
730
505
447
376
171
121
112
102
90
88
81
18
8201
7385
7230
6859
6678
4919
4743
4204
4075
4018
3736
3728
3660
3513
3433
3376
3088
3039
2434
2208
1949
1872
1820
1484
1373
1296
1231
962
941
848
814
435
381
316
310
225
182
158
157
79
68
17
4
7392
7258
6078
5805
5150
5058
4751
4145
4027
4006
3601
3430
3396
3341
3322
3036
2788
2674
2518
2357
2124
2097
1709
1676
1531
1415
1308
1217
1167
1038
470
300
274
247
214
186
148
101
64
51
49
6
7249
7231
6836
6789
5627
5139
5006
4093
4008
4007
3972
3862
3855
3491
3303
2868
2758
2592
2582
2155
1881
1749
1675
1437
1334
1229
1170
780
691
670
627
607
552
546
542
465
451
410
401
388
261
251
150
93
8018
7746
7641
6902
6086
5800
5438
5179
4928
4766
4655
4019
3803
3778
3597
3308
2345
2092
2042
1952
1831
1708
1663
1314
1303
1137
1062
957
787
729
700
676
638
513
430
349
306
292
262
256
239
164
144
7666
6800
6336
5910
5850
5405
5314
5264
5149
4247
4202
4005
3935
3665
3663
3591
3496
3408
3363
3354
3196
2719
2617
2471
2444
1870
1866
1812
1757
1219
1123
1006
909
844
758
610
592
564
538
353
286
173
133
127
87
7116
6852
6098
5715
5192
4935
4800
4616
4552
4497
4490
4078
3888
3867
3713
3673
3352
3021
3005
2998
2898
2888
2819
2814
2691
2607
2428
2418
2414
2396
2338
2258
2194
2193
2132
2040
2039
2019
2007
1951
1936
1929
1868
1763
1530
1474
1449
1440
1381
1289
1155
689
609
583
528
466
457
443
414
317
185
138
119
116
8281
6868
6497
6116
5791
5582
5486
5265
5259
5173
4940
4660
4412
4156
4009
3870
3857
3834
3784
3730
3406
3377
3292
3206
3084
2748
2732
2692
2533
2495
2439
2438
2248
1976
1946
1828
1783
1775
1752
1667
1633
1470
1396
1379
1213
1099
1064
1059
984
956
905
667
606
572
553
536
440
394
369
333
291
242
240
197
77
69
24
23
20
8296
8294
8095
7876
7765
7373
7278
7203
6034
5457
5277
5188
5066
5061
4912
4012
3983
3965
3922
3822
3767
3761
3680
3659
3383
3272
3035
2613
2458
2454
2220
2173
2130
2074
2034
1922
1834
1817
1779
1776
1732
1697
1642
1602
1526
1504
1371
1209
1065
1023
994
986
981
847
818
620
601
598
541
535
478
442
427
382
268
246
217
136
132
109
56
31
0
8224
8128
7669
7270
6955
6841
6840
5797
5626
5300
5181
4994
4972
4961
4941
4811
4135
4104
4073
4023
4020
3998
3936
3853
3738
3662
3541
3504
3454
3392
3386
3360
3012
2865
2630
2556
2257
2099
2030
1953
1726
1515
1414
1132
1100
1031
1020
1012
999
976
951
936
835
809
585
567
558
462
461
431
373
368
344
285
273
232
8191
7862
7850
7450
7430
7402
7374
7362
7088
6934
6776
6773
6568
6344
6096
6023
5781
5554
5534
5532
5353
5214
5187
5030
4948
4936
4917
4822
4791
4753
4733
4381
3970
3901
3864
3849
3765
3753
3596
3467
3397
3365
3355
3344
3082
3007
2855
2852
2832
2754
2729
2505
2271
2264
2240
2191
1989
1928
1908
1890
1869
1857
1827
1796
1789
1761
1735
1688
1681
1546
1527
1393
