0
1
2
4
5
6
8199
8
9
8202
8201
14
8206
16
17
18
8211
20
21
8213
23
24
8217
8215
26
27
8219
30
31
8224
8220
8222
35
33
34
36
38
40
41
39
43
44
45
8230
8234
48
49
50
51
46
52
8244
8246
56
57
8247
59
60
8248
62
8249
64
8254
8255
8256
68
69
8257
67
72
8262
8264
74
77
8269
79
80
81
82
83
8271
8272
8274
87
88
8281
90
8279
8280
93
94
89
8282
92
8285
96
8288
101
102
8294
104
8296
8290
100
108
109
8293
111
112
110
114
8302
116
115
118
119
8307
121
122
123
124
125
126
127
129
131
132
133
134
135
136
137
138
139
141
142
144
145
146
148
149
150
151
154
156
157
158
159
160
164
166
167
168
169
171
172
173
174
176
177
179
182
184
185
186
187
189
191
192
193
196
197
198
200
204
205
208
210
212
214
216
217
221
223
225
227
228
229
230
231
232
235
239
240
242
243
244
245
246
247
248
249
250
251
252
255
256
257
260
261
262
263
264
265
267
268
269
271
272
273
274
275
276
277
279
280
281
282
284
285
286
287
288
289
290
291
292
293
294
296
298
299
300
303
305
306
308
310
311
312
314
316
317
319
320
321
322
323
324
327
328
331
332
333
340
341
342
344
349
351
353
354
356
361
362
363
365
366
368
369
372
373
374
375
376
377
380
381
382
383
384
387
388
390
391
394
395
401
404
405
409
410
411
413
414
416
417
419
423
425
427
429
430
431
432
434
435
438
440
441
442
443
444
445
446
447
449
451
452
453
456
457
458
459
460
461
462
464
465
466
468
469
470
471
475
478
480
482
488
489
491
492
493
494
495
503
504
505
506
507
512
513
517
518
520
524
525
526
527
528
529
532
535
536
538
539
540
541
542
543
544
545
546
547
548
549
550
551
552
553
554
555
556
558
559
560
564
565
566
567
571
572
573
574
576
578
579
582
583
584
585
586
587
588
590
591
592
597
598
599
600
601
602
603
606
607
608
609
610
611
613
615
619
620
621
625
626
627
628
629
632
638
642
643
645
646
651
654
655
662
667
670
671
672
676
677
678
679
680
682
683
684
685
687
688
689
691
694
700
701
703
708
709
712
713
714
715
716
718
719
722
725
726
729
730
732
736
741
744
745
746
747
750
751
752
753
758
762
764
766
767
768
775
779
780
782
783
787
798
799
802
807
809
811
814
816
818
819
824
828
830
832
833
835
837
838
842
844
846
847
848
852
853
855
859
878
881
885
889
890
891
894
895
899
901
903
904
905
907
909
918
922
926
928
930
932
933
934
936
937
940
941
942
944
949
950
951
952
954
956
957
962
964
966
967
976
979
980
981
984
985
986
987
991
994
996
997
999
1000
1002
1005
1006
1010
1011
1012
1017
1020
1023
1025
1027
1031
1036
1038
1042
1047
1048
1050
1051
1052
1053
1054
1057
1059
1060
1062
1064
1065
1067
1069
1072
1073
1077
1083
1084
1088
1092
1095
1097
1098
1099
1100
1102
1105
1113
1114
1117
1121
1123
1128
1130
1132
1133
1137
1138
1145
1150
1152
1154
1155
1156
1157
1163
1166
1167
1168
1170
1172
1174
1178
1180
1183
1184
1185
1188
1189
1196
1197
1204
1205
1209
1210
1212
1213
1216
1217
1218
1219
1222
1225
1229
1231
1232
1245
1246
1247
1248
1250
1252
1259
1267
1271
1273
1276
1277
1279
1286
1287
1289
1291
1296
1300
1301
1302
1303
1304
1305
1307
1308
1309
1310
1311
1313
1314
1315
1316
1323
1332
1334
1336
1337
1345
1346
1352
1354
1361
1362
1364
1365
1366
1367
1371
1373
1374
1375
1379
1380
1381
1384
1385
1390
1396
1399
1400
1401
1402
1403
1406
1407
1408
1409
1412
1414
1415
1419
1420
1426
1429
1432
1437
1439
1440
1441
1442
1444
1449
1450
1454
1455
1456
1462
1470
1474
1480
1484
1485
1488
1492
1496
1499
1501
1503
1504
1505
1509
1512
1513
1515
1518
1524
1526
1528
1530
1531
1534
1538
1540
1548
1552
1560
1561
1566
1570
1571
1576
1588
1590
1602
1604
1605
1606
1609
1611
1612
1616
1617
1618
1621
1622
1631
1632
1633
1636
1637
1642
1646
1647
1649
1652
1654
1656
1657
1658
1660
1661
1662
1663
1667
1668
1675
1676
1679
1684
1687
1688
1690
1693
1697
1698
1701
1704
1706
1708
1709
1715
1716
1717
1726
1727
1728
1732
1735
1737
1739
1743
1746
1749
1750
1752
1757
1758
1761
1763
1764
1765
1766
1772
1773
1774
1775
1776
1779
1783
1787
1789
1792
1795
1796
1799
1803
1805
1806
1807
1812
1814
1815
1817
1820
1825
1827
1828
1831
1833
1834
1837
1839
1849
1851
1853
1854
1858
1860
1863
1866
1868
1869
1870
1871
1872
1873
1875
1877
1879
1881
1883
1886
1888
1889
1890
1893
1895
1896
1899
1904
1906
1907
1908
1909
1913
1915
1917
1920
1922
1923
1924
1925
1928
1929
1931
1932
1933
1934
1935
1936
1937
1939
1943
1946
1947
1948
1949
1951
1952
1953
1954
1956
1964
1970
1974
1976
1980
1984
1986
1989
1994
1996
1997
2003
2004
2006
2007
2008
2010
2019
2020
2025
2029
2030
2034
2035
2037
2038
2039
2040
2042
2051
2055
2071
