1612
419
1210
312
506
294
1197
108
3764
1315
715
2435
1687
587
160
1974
327
4011
2595
694
3664
2654
7233
855
4207
1805
446
2242
1923
7296
6678
492
1947
725
600
1658
260
4024
1837
269
6005
366
3578
904
5569
4352
2237
3322
532
8201
416
554
4726
588
2020
48
4017
615
3660
552
2894
444
168
2408
590
300
279
177
1305
4022
4013
7273
17
942
7060
2
1886
114
1806
2117
4935
480
384
349
1059
5139
430
3498
1484
768
342
328
391
1526
1709
544
2788
468
1504
2004
3417
985
4006
102
5486
5797
7392
6568
7359
3738
3495
8095
306
443
2003
249
101
243
5254
320
555
5560
182
388
4977
284
4702
2010
4060
5775
2244
4530
4113
621
811
118
104
1877
2898
7871
365
909
2604
252
1304
7278
1408
4786
1316
4761
3081
5443
520
149
7261
1232
7258
1530
363
598
4595
5049
469
299
39
4812
4796
1951
125
1538
6714
133
607
1854
6722
3427
2531
627
1904
7440
174
372
3652
3550
1209
1637
5251
290
6713
5234
512
1715
6096
4602
602
3897
369
4459
434
642
1870
5150
2429
766
7442
7990
3386
2528
251
2083
2159
413
141
6078
601
3700
3513
5250
2092
286
2163
2764
830
8016
1883
3105
835
6489
4869
272
890
6167
196
2674
2931
4002
8040
5406
549
2769
6499
3004
3769
1000
1807
937
411
1739
460
119
3044
2964
7385
3041
8048
6161
517
1449
2483
7746
3999
4135
3665
6378
452
46
7875
7091
1602
5427
425
1952
5554
3936
5792
2194
4351
5277
3210
1296
2424
3749
3746
2124
5192
1083
83
5181
703
574
4882
638
2955
680
7199
94
1757
1528
524
1872
4073
7066
282
4613
3935
377
4591
354
7161
316
1909
966
4019
1485
7978
8077
4968
1860
1980
7436
2508
1302
4093
582
171
6210
6604
5800
722
2486
3853
5551
6048
7470
4803
682
6789
5604
1390
3352
6772
72
3244
2471
4183
547
81
3408
8004
4552
410
5863
1817
6019
4690
2826
2155
6875
3215
3782
1010
7743
1301
606
292
746
2241
1117
298
6105
1588
2477
1540
934
1647
1437
4156
732
7150
245
688
1137
4263
775
3822
3931
4062
311
4
5984
223
5179
8199
4401
7876
2258
7862
2492
5001
3774
375
518
3765
7214
470
4211
7972
2417
5489
1444
172
787
2934
3572
2414
7454
932
2037
2613
2610
819
714
4616
1229
5876
87
7304
7212
96
441
541
889
2544
303
6097
878
3027
950
3569
3075
1676
709
6066
8098
4202
3048
5350
3544
1895
957
3972
8074
6058
1212
4027
228
5042
1025
753
217
4076
528
4682
3834
3203
4014
45
2208
1113
8013
7864
1652
6569
3830
838
2524
3753
3548
991
1907
3543
7508
2293
3592
3997
536
5067
1827
7758
5257
4138
1092
1069
8117
3921
3812
5175
1038
5808
3094
3833
3520
1002
3084
2247
4056
7889
5739
4559
4654
7263
7563
1727
2359
4810
701
192
2592
6336
1931
5476
6732
6978
2660
4109
3974
6512
1996
5544
5870
3862
6743
1402
242
167
940
1064
2930
4794
3894
7626
3818
395
5431
3292
1371
1668
2960
5654
2862
4028
7327
148
308
280
6045
4943
5658
2761
3946
4655
6681
2439
3144
5184
5380
1393
1099
7874
7184
5901
6098
9
2495
494
1576
6935
493
4955
4962
387
750
3392
2903
5762
1863
4926
1868
3354
5865
6949
7297
548
716
7971
1875
5272
427
3905
8224
3909
4261
4015
5264
2947
5337
1954
3880
5344
551
1831
3808
4154
7456
3198
1123
7404
146
7424
3813
4220
5448
126
2899
6011
5803
7362
5810
74
2951
2134
447
4203
240
2173
2926
129
4208
7354
4119
210
3359
2965
435
2035
6724
2868
27
3483
5566
6131
1636
193
6021
3857
340
7287
3745
8064
5279
2040
139
3852
40
383
2819
3711
3895
2525
3659
6742
3454
951
7853
852
2641
3360
409
5172
3888
2370
2034
7850
2546
4999
5063
7641
5363
8211
275
7667
423
5605
671
4658
38
6746
7843
1213
3036
150
1893
5545
7203
3867
7873
3944
4416
7400
1936
216
3575
6080
7198
560
2678
2022
34
571
5752
1412
3648
2176
23
907
2865
3403
3364
8099
4515
994
3382
7247
5235
2928
6431
2051
8294
6711
3868
281
1394
740
2099
2235
4016
5494
1937
3557
1531
1772
6520
1150
5579
3832
7445
3820
592
1654
2313
553
1308
2937
1088
442
1949
6617
111
1379
2711
2758
8217
189
2189
1816
1815
5196
629
169
847
1851
285
5487
7790
997
4811
30
5058
7228
6086
239
3489
4936
7451
3754
1830
8019
232
8215
7460
1488
6223
525
6890
471
7997
26
3773
4576
1095
1219
1656
1862
1415
6701
6852
64
2494
2576
1838
799
3374
2315
2873
7804
1027
4161
5346
2518
1649
5991
405
6652
5170
4256
221
658
6808
7
453
1494
5023
4793
3597
7269
1216
43
273
1743
2730
8203
4487
3982
158
1879
2255
1400
3837
3338
2908
1252
3321
3458
885
93
2559
18
1701
4687
3509
268
4618
6225
608
7417
1077
1228
3869
1733
1245
310
5271
2416
1336
4627
572
3409
1731
6631
7437
6987
2321
235
361
2956
1365
2902
8092
1774
5828
1509
1853
1632
7280
6508
4752
5274
2263
3904
7165
4546
2425
5903
7176
82
3397
5883
8192
2125
1606
6519
31
5490
4565
1795
2673
984
7773
4720
154
1928
2877
7869
88
3898
356
5582
2552
3878
66
3879
4950
2904
4384
4912
4041
3564
5436
1803
5977
5169
5864
4743
6525
6906
4350
8036
7880
212
4686
6982
5155
5868
4364
3178
3956
2225
5241
5163
1761
7272
157
1011
1752
603
5057
90
7458
7737
6899
3994
576
672
730
6994
3492
837
783
1442
5867
1704
123
1357
3433
696
527
5912
