1612
1197
1210
419
160
2894
1315
3543
312
855
2654
3105
5569
1687
2117
2435
118
384
7060
3764
6005
366
506
615
446
1658
260
715
361
1923
1947
694
587
243
5775
3498
2159
1860
279
328
269
7296
4207
492
517
766
1886
5272
602
4013
2508
811
725
571
249
4014
1877
114
4022
452
2020
555
532
3769
716
5254
4011
1805
600
3081
4352
621
590
904
252
3495
7233
2424
391
2960
1837
4786
722
3550
985
2242
444
2244
104
4024
1854
5049
375
83
2120
2604
416
6489
5560
588
174
2673
1806
480
8217
554
282
2486
7273
4017
1304
7871
4726
102
1715
1538
1296
3513
6678
68
1872
2208
182
17
1484
3660
316
8201
435
7258
6078
1415
3322
470
7392
1676
2124
2788
5150
4027
4006
1709
300
101
1038
2674
388
5139
4093
251
1437
552
6789
1229
627
2592
410
607
430
5800
787
1831
2092
1137
1952
5179
349
4655
638
7746
306
292
286
538
1870
133
3196
2471
3935
3408
1219
909
844
4202
4078
6852
119
4552
2258
414
528
3352
1449
4935
2428
1936
443
1530
2898
2019
2194
1951
369
984
1379
5486
3834
4156
1213
553
3857
3784
8281
1059
1526
1209
994
268
541
5277
601
598
2613
1602
1504
7278
2173
7876
8095
951
5797
4135
3936
3853
3386
2865
4994
4073
3738
1012
835
429
6096
783
1000
1928
3765
126
713
72
582
6568
404
5554
3007
4948
1345
4812
940
2544
342
1540
7790
5257
4926
1408
2761
4810
210
6949
3416
284
524
1083
6058
2826
46
1588
298
469
539
3569
383
4977
4602
753
7297
8113
5903
8064
1212
6019
4856
3749
2764
8004
701
5136
1933
1513
6604
1839
8009
3041
6048
5739
149
434
223
196
3144
4071
560
6378
145
1178
4962
2483
565
8133
320
74
3897
5234
3489
3203
6210
5792
6105
5400
7837
3557
2420
6681
732
2964
2260
7066
7440
599
1113
4591
216
5604
221
2430
411
3048
146
3463
4056
3837
7247
7853
6494
547
453
7454
5551
4478
4955
5001
7261
4350
5047
4595
2660
2315
6714
6722
4401
1005
932
1772
6600
2133
3807
3215
3403
3782
3974
2678
709
799
6223
5337
1606
987
7470
7442
115
5876
5424
2492
934
228
2904
2903
7161
7640
6499
7873
38
3930
1668
4067
8199
3924
212
1851
7424
96
680
3572
4999
3615
3830
3905
6066
3409
2081
6743
2493
1684
5274
7971
7436
2241
2408
5489
8013
2071
5756
937
3111
712
7199
1706
1647
172
5443
512
1727
6254
2711
3511
746
34
967
3898
189
4794
208
4968
1025
7252
7990
3492
1412
4459
2321
4076
6097
6106
5803
8040
629
3900
7214
950
3209
1088
4113
1743
2453
1485
1017
6900
5899
1932
1937
5386
7972
926
6103
2247
4530
8117
8092
5175
1444
4559
3359
1205
4950
2035
3909
167
4261
5864
3027
192
200
3364
3832
324
387
3818
3833
5908
1432
2370
4551
2051
5810
5012
4041
3852
1637
7508
944
2436
4211
3587
991
5863
6724
5241
2610
3872
3880
2653
3931
2931
4220
2745
642
154
3520
4062
7797
169
2462
4474
4797
7334
7667
494
187
3483
123
6872
4613
3044
750
7212
27
4263
5616
1996
4801
2955
2255
3287
5487
6631
1893
3710
3895
3921
6029
1524
1402
907
6102
1400
4376
6746
2477
8257
3944
7758
5932
7458
6512
5431
110
1067
7978
7263
1853
5579
6021
2862
3094
2930
5870
4351
2297
2085
4886
1652
688
2313
4364
6643
3776
824
3933
2525
5544
1097
3076
1245
4179
852
275
7516
5063
3357
8098
6978
6022
6408
405
5867
354
425
1
7287
1010
3191
1632
5235
4082
2874
2989
2038
6687
413
751
5984
4034
3338
1488
3711
1077
3198
6742
1766
4449
351
3946
7806
619
6899
5380
7272
6627
6772
5594
1661
3725
7572
3808
3210
1168
4394
8077
8019
5490
5229
1301
3826
4815
5559
3244
2635
2524
7198
6167
2721
4682
1833
7578
7899
5427
3104
7437
16
2956
4535
1646
1390
6358
3337
2559
4965
2231
4208
6732
584
6410
5991
3777
4959
7874
4036
4154
5930
5287
2147
2924
5729
3387
4921
4357
1907
1509
1654
5075
5481
5189
1899
6617
3773
1792
1364
4702
6661
6875
5760
5752
8074
39
4946
7379
3669
807
6602
2314
7488
662
7506
5552
7737
1787
267
7914
7729
1803
2496
193
764
7358
682
5193
3199
356
7815
7166
8142
2997
2585
6484
6277
8255
2055
3723
6711
613
7735
6701
3616
2179
5164
5912
3821
3804
1858
3982
714
8089
1375
4183
4190
5184
6077
3428
3368
8048
3544
3686
3915
7404
6325
1943
6713
1774
1332
7304
4515
4869
7289
2575
4256
4876
997
3033
2877
6994
1163
2641
7327
1419
5429
7864
3575
2965
2824
1246
2288
4902
7091
5917
5956
5931
952
7916
4121
2376
1656
7499
8288
3586
26
227
1441
423
2785
8099
7859
7646
7460
7451
4793
1060
685
2331
142
6987
176
7738
5031
7743
5463
2362
4723
3754
4039
1365
2546
7395
7559
3448
7747
5977
899
3205
1084
1291
4203
3512
4932
3953
3478
6790
1499
2576
5410
1716
5488
1011
5155
2873
2928
5043
1248
4799
7399
6129
6608
6575
7315
6281
4384
8213
5762
8075
4416
4931
4942
3726
4952
5169
3894
5057
1934
6906
4594
6786
3001
885
828
4038
7228
7676
671
7861
525
6176
7563
3107
3745
1092
6520
5350
4218
7461
6225
231
7184
1799
7924
7694
3739
2716
566
2768
1994
591
4491
6364
5476
6286
374
4969
1701
1361
1172
550
2552
5307
3402
1362
1073
6688
5402
7205
4119
3190
6363
3648
7269
1622
6950
1407
2148
3535
1956
726
6080
545
6808
4571
7883
4933
2176
3556
3323
4015
556
2926
4712
6519
1636
7633
5344
889
4618
3289
4883
3103
3131
679
7869
6592
