1612
419
294
312
1974
1210
1197
1315
3764
506
2595
855
3664
160
48
3578
2435
2654
715
587
1658
1305
366
1947
168
468
694
446
260
177
2237
615
768
725
1923
544
269
2894
279
299
492
7233
2
4207
4011
7060
2003
942
2117
2004
384
600
520
4024
1805
365
7359
444
2010
327
4352
1886
416
2528
2242
7296
118
4761
2020
1687
5250
904
3498
7273
3417
114
532
8016
8201
4013
552
1837
372
141
5775
3660
4022
17
590
811
554
985
3495
4017
300
4060
249
1877
243
1806
588
3700
3004
349
104
125
363
3427
290
1504
391
4786
5254
252
1304
3322
1232
388
108
182
2531
5251
1059
306
1883
1709
6161
480
272
4726
7871
5569
174
94
3081
6678
602
7392
3652
1739
549
7385
703
443
5049
5139
2083
4796
2244
2429
430
2898
909
2159
1807
598
1951
890
1302
5797
6489
2788
251
2417
574
1980
3550
245
7875
4002
2769
1538
8095
1715
3665
3513
5486
1526
5150
1484
101
81
607
102
517
2674
966
4977
2934
819
171
7258
4935
6005
1757
1209
149
6078
2424
3999
6568
5181
1000
133
2092
518
342
369
2155
4882
1449
601
1952
2037
320
2604
536
7862
5192
3822
1602
3935
196
606
4019
4135
3746
441
551
6722
2764
87
5800
3386
1872
375
3862
280
3292
1870
298
2124
5042
7990
2208
292
937
4602
1817
1827
7161
1064
3075
316
1530
4812
6714
3812
7261
4616
1408
4138
2194
119
5179
1895
217
3352
284
4028
2486
129
40
328
2483
3774
7362
1863
838
2359
286
411
1904
7150
4702
3782
311
8004
3408
7876
4027
3853
5234
242
582
2235
434
6048
2414
4552
3972
469
1296
4
957
8040
139
3867
5279
3765
6019
4530
6336
4014
2613
1637
2408
1069
2492
5901
7442
5876
3813
223
4093
1831
4073
2758
2899
2293
1485
3548
3749
835
6098
5067
4006
4113
1371
23
4613
3084
3572
1540
2134
46
638
3820
7440
3215
240
409
1815
547
7626
1931
6105
680
2495
150
934
3374
2826
3569
642
2439
555
1123
4968
2099
435
932
232
3036
88
1095
4459
45
308
157
5272
1588
5264
1576
3897
3392
6604
541
3753
5658
4056
5560
2964
43
722
1229
3830
7850
5277
1868
2544
6045
6378
6086
2173
2477
746
1216
172
7804
1936
7972
2865
7470
1083
2163
4559
4686
7203
621
6058
2471
5984
7066
941
6949
4016
18
3041
7641
1316
235
4202
3360
1113
8224
8294
2955
2258
447
3592
5271
2730
5863
6210
1676
7773
4156
7971
442
3659
6499
126
4401
4926
740
7214
7436
950
3808
1879
8064
1647
753
6066
7843
148
4752
2457
716
2610
5427
1394
5551
8199
2903
2022
146
5346
1308
5257
4591
7873
291
3909
3936
4595
1854
4912
31
4211
6011
285
310
3597
413
6713
3931
4690
6097
576
4008
7864
186
8117
3354
6724
709
4263
5196
6890
425
5175
64
3974
7297
560
766
3363
3027
4936
2518
1379
30
603
2660
658
5443
5058
592
4811
5870
7
3284
6681
4943
1099
8188
2902
93
1949
1642
4658
322
427
2761
8203
244
2433
6732
2189
571
7799
2132
1393
340
3178
6836
2247
3196
221
548
4794
7758
79
736
6167
247
2678
3738
8281
354
3359
5004
494
7508
1494
3921
3364
1772
8019
3244
1390
7420
3905
1444
1010
6978
2263
5063
2673
273
5868
4546
7978
1145
1862
1909
4183
1412
2770
730
1652
4351
2524
4037
7278
3888
1228
6021
3088
5255
7176
7199
2819
750
158
4076
257
1592
296
7280
3878
4720
465
1731
6875
2034
5973
2937
1546
2416
383
2370
610
453
3869
4261
3895
4919
1816
3769
193
1077
1212
2868
3303
414
1440
1727
1531
627
6096
3048
5406
3557
3094
7091
572
7667
4062
3600
940
7228
4208
6497
66
6512
8077
3483
732
3880
920
4810
5810
1356
7874
2748
2225
3946
7212
5001
1830
3403
7232
1838
55
847
1663
3894
3396
1025
5188
3454
7247
3904
4150
696
3520
712
1893
2711
3944
7743
852
8048
4803
7746
7263
4962
276
7165
212
830
3711
1860
5173
4999
1357
3377
452
4822
775
1437
1606
1580
2017
6955
7198
192
6070
74
5353
5903
2817
77
3198
39
697
128
994
7790
6
6022
2248
2339
7404
56
3210
1646
2120
1788
167
2425
4955
4023
2641
2041
1668
2432
889
5314
28
5544
907
5337
1820
987
1733
910
460
688
7545
1088
4203
1092
1345
878
4122
4793
4487
3872
4797
3544
1996
5235
214
1654
144
3852
1219
5457
1170
969
4078
1402
4907
6743
72
5865
8013
2490
6074
256
2546
1677
423
8099
2428
3982
4384
1483
333
3106
6789
1301
1488
1650
5380
2321
701
3945
1633
3840
3838
2617
1937
7184
5752
216
6617
2174
7669
2323
7399
5241
317
5193
2707
2035
885
5803
282
2904
5384
4154
228
2240
803
682
283
3044
2965
7833
3409
3590
5172
780
6015
2357
528
1907
353
2441
1976
700
1661
1752
109
2430
2508
7164
8195
27
7373
2007
6344
7354
2692
1810
5626
387
5529
1245
800
5755
5867
61
275
1031
714
595
997
6225
5184
8074
799
49
4394
1179
1903
3005
4490
3823
4416
1880
394
2453
3648
410
3745
3492
7062
1987
7682
3757
3821
1292
5287
512
475
4654
2176
5781
1400
1656
6520
38
8192
5762
6975
4807
7818
1224
2400
783
6024
5864
4618
2314
1774
3915
7269
604
8096
334
6277
3933
946
7424
1842
5350
5554
0
2780
3773
3920
5604
2442
3584
1509
564
8105
3916
7172
426
26
6711
7737
4364
2449
6899
1006
1792
5792
7168
620
7889
3841
3826
7869
5265
7798
356
6800
1908
5476
617
3415
7430
6935
3083
2290
1367
2931
2315
4515
