468
327
1612
520
419
5569
996
384
7060
518
1399
8016
544
5775
460
2293
5416
328
6161
2429
1403
602
526
5658
1337
555
532
5084
600
4352
2934
1204
475
7232
104
341
417
5560
549
548
480
3231
529
4686
7359
322
4150
340
4726
5220
4143
5042
102
79
225
4919
3433
3736
182
1484
3088
7230
157
435
7258
4145
300
6
542
5627
7249
5139
1437
6789
93
1334
3303
2592
410
546
7231
5438
513
1663
8018
4655
6902
353
3196
6800
592
1474
4078
414
185
466
4497
4490
24
395
2894
4001
3543
855
363
5250
2494
1316
245
366
5269
1904
5180
1883
715
1980
1923
694
846
703
3345
3498
1311
2245
3602
1886
5272
853
4761
4013
281
725
4026
3997
5279
4014
5251
41
1877
4022
3427
5271
3284
716
1931
5254
4011
60
2871
311
1518
391
2960
1924
722
3550
782
4002
3999
838
235
1889
4024
5182
3548
1309
3216
5255
1576
4010
1157
331
3600
1145
4017
376
730
3812
505
1879
1538
6678
4018
848
3601
3396
2788
5150
4027
4006
4007
5006
1881
4008
401
3597
700
787
294
3785
3769
2083
3862
3867
3870
3784
3922
3767
2173
2099
3765
3864
3901
3849
3881
3841
3843
3874
3405
2136
3919
3905
3896
3878
3898
3850
3910
3923
3907
3909
3852
3872
3893
3920
3895
3921
3840
3912
3777
3886
3915
4902
3890
3846
3908
3771
3894
3871
3883
3868
3845
3891
3906
1582
3913
3884
3877
100
1573
1572
6224
1574
1571
1575
269
139
4752
451
607
609
536
72
5978
925
8133
2005
803
2420
1005
7150
7161
8140
2400
3617
3615
7165
2370
3627
3162
2368
1893
5973
6029
2398
929
8129
421
1830
7176
2401
5984
8125
5818
617
1207
5991
1694
3632
2375
7159
7164
7177
7172
3410
3616
3672
2362
5977
3404
2397
5982
3630
3603
2367
1283
3637
2388
8162
3646
3648
3605
8104
3607
1714
7178
2360
3634
2399
3642
5971
5981
3608
5996
3625
2379
5674
7168
7179
7158
3613
3609
5992
2374
3650
3604
3614
3633
3638
8131
7171
2383
7418
2385
456
4882
6058
6067
6048
6074
560
7536
7543
3930
6066
7545
1902
3932
6045
6070
3931
6042
1841
6059
3933
3938
6065
7547
6069
6044
3940
7539
7533
6060
7534
6053
6051
3425
6075
6073
6063
6054
6071
6052
7532
4221
6061
6064
6046
7544
7542
6047
7538
7530
7537
3004
372
409
7875
603
416
3075
3039
17
3322
1038
3036
214
610
3021
3005
5715
2998
3035
217
7278
427
2074
3012
5534
3007
5532
3082
2191
5742
210
5716
3106
5739
2223
216
3032
3071
3048
5551
3023
420
3019
7
5424
426
212
408
209
5756
8171
3009
3111
3045
208
213
3017
428
8092
4864
3011
5430
5714
3027
5740
5755
3018
3074
3087
5550
4351
2085
3013
4886
5764
207
3076
3973
5765
4394
8077
3104
3052
4749
5425
5760
5752
5738
3003
5552
424
2997
3089
3064
8089
5531
8072
4876
5849
1512
160
168
2528
1773
2435
177
141
2417
2437
2769
2508
2350
2766
2770
159
2446
2424
2426
2530
2457
2730
2443
2416
2339
2452
2532
174
2359
2432
2673
166
2433
2441
2451
2534
2586
171
2425
2434
158
148
2674
2357
2518
2758
2582
2345
164
2719
2444
173
2428
2414
2418
2691
138
2748
2438
2692
2533
2439
2732
2458
2454
151
2754
2832
2505
2761
2826
2596
2423
2419
162
2501
2526
149
2442
2695
2813
145
152
738
2430
2513
146
2448
2694
2812
2440
2506
172
2711
2727
2447
2510
2461
165
108
2163
4803
1909
1974
1875
775
491
1528
377
1197
1286
2595
1210
48
122
9
3578
323
768
1315
312
299
830
1305
2654
3105
1313
1687
1252
2237
2117
118
94
265
2116
1728
3417
3664
3764
6005
156
131
506
303
615
2004
446
365
1658
260
1117
2230
445
1072
14
942
125
80
361
2
1947
4035
2010
2580
980
290
243
4060
2037
458
5163
819
2651
179
2159
287
1860
280
279
1307
1986
1095
5033
7296
289
4207
492
1807
2003
517
966
1815
766
272
1302
7421
832
40
559
587
2503
6371
471
571
7773
621
4028
590
576
574
7804
6489
588
586
579
7871
4138
1820
2208
670
627
676
7641
638
7746
5405
7666
564
583
667
6497
8281
1059
7765
620
8294
7876
8296
478
3936
5300
7669
585
7850
30
582
35
669
7862
7798
7790
7512
6490
469
7818
7832
8283
7843
7837
7739
7723
7748
7853
6494
563
7662
7640
7877
7833
6499
7873
38
7803
6365
640
7505
3123
7858
7799
34
629
623
674
4261
1957
117
7857
7852
5003
666
7828
7508
7741
510
7866
622
3916
