827
133
3511
573
367
697
1046
357
464
274
755
1038
114
989
1418
38
584
14
1188
1330
424
1172
1452
2259
3955
3278
580
826
223
643
1091
2626
1128
458
1373
185
1119
429
1010
3848
303
455
583
130
1209
538
652
3283
57
258
1385
1597
120
1100
1203
1302
64
570
1124
95
173
1052
2382
1129
125
219
639
1107
1671
3206
61
244
396
581
818
1108
1496
4056
5300
360
689
2185
3862
59
994
1935
3820
641
1294
2261
68
131
297
888
1311
5
242
787
1110
8310
7360
7484
8305
8306
8307
6392
8309
2943
2942
2968
2969
2970
2972
6717
6889
6890
8061
8062
55
8268
103
8294
6429
6430
6428
8103
8104
8138
8139
