5881
1002
5476
4702
2408
4113
642
3044
2877
6808
6942
6525
7181
7415
6678
5808
6030
4291
3041
5443
1637
3210
7091
6896
2935
1484
4935
8077
39
5350
5653
4565
7997
3148
1612
284
5559
3544
7267
5643
903
6228
590
714
6713
6431
6569
7771
2733
4109
5771
7745
8246
5556
7777
2404
3897
4595
6499
7442
7199
991
425
1301
4154
525
2926
6003
4806
5690
5993
6757
6195
8034
3151
6443
5468
6132
506
5560
101
320
7297
4591
7508
1390
6167
6875
5406
1604
2783
741
7718
3100
1935
4509
5824
1429
5798
6137
7453
2940
4560
312
4726
2898
5277
469
4459
3076
6987
6982
5507
5923
3994
2679
5883
5433
7707
6721
4488
7245
8272
4773
1183
7066
4968
4682
7287
1899
6617
4183
5164
8048
6575
7184
527
2552
4161
5344
3564
7889
2951
6935
7996
933
3815
2504
7017
8082
1454
1492
5403
7275
6820
7509
5388
2497
6990
3510
4529
694
554
7871
8095
835
2826
1727
1444
4530
7990
4220
2313
3921
4351
5544
3244
5427
682
7874
7327
7743
1323
1636
5566
6483
4828
2908
4953
5654
7444
7602
8036
5408
1505
6910
1915
5270
5599
6031
7785
3233
4159
4703
3742
5407
5726
7140
4352
904
3660
5139
430
133
940
1408
732
5551
7440
6743
27
2575
4256
5912
3745
1795
3131
3556
1450
7137
7400
3321
4597
4627
33
3805
4584
5663
6956
7054
7655
1442
2008
2917
3218
6529
7063
7240
4083
1273
7104
8001
3802
6157
6781
3539
715
269
1805
4011
3550
2242
416
443
342
434
701
4977
3782
7261
937
4076
3520
4062
4658
3198
1509
5752
3368
7460
8099
7228
889
1172
3458
4226
6519
718
1121
1737
3382
5436
5828
1138
1501
3169
3509
597
628
5605
6747
8025
8111
2947
7041
2885
4377
3860
5597
3049
8254
7897
1426
3153
4678
1050
587
3081
391
4786
104
588
102
119
1530
1059
5486
1526
524
4810
2483
6048
172
1647
5274
2035
494
3931
5908
6724
2525
5063
1010
1077
4394
6742
2559
7737
5184
231
2873
878
3648
4654
5363
6080
7269
3868
3879
7417
1114
1871
3650
4687
6071
6338
2121
503
3649
4923
6237
8153
752
3200
5639
5853
7848
1409
5603
7285
2628
4887
7593
1693
2175
2259
3155
5779
7081
7565
4898
6118
6576
6651
6817
8230
6999
2287
4619
4827
5199
5675
1923
600
3495
4024
4017
182
1709
2788
3322
1870
3935
572
427
3454
4073
5337
1706
2493
1025
4559
387
1996
354
5932
7758
7978
1803
3773
2641
3575
4793
4876
5956
1291
3197
3448
4416
5057
5762
608
1150
1701
2529
3402
6286
1925
3220
3375
5700
7880
319
1649
1849
2520
3657
7963
6136
3854
4464
4573
5331
5372
5646
6340
7175
2606
4342
4430
6891
8024
8028
8183
2395
3316
4511
5423
6017
7807
507
1047
1174
5465
6752
3159
3719
5637
6130
6680
7888
204
1185
2611
3168
4081
4824
6909
7087
7552
7868
8058
8262
1315
2435
3764
2
279
249
7233
2604
4
8201
7392
306
3936
5797
298
1083
4812
560
803
2420
934
2315
4955
6600
2247
3359
6045
750
2370
5863
688
907
2862
3094
5431
1168
1488
1907
5991
7914
1628
1092
2546
6129
5013
6592
6704
7205
464
4825
5232
5545
8049
1704
4520
4802
6493
6708
1028
1166
2275
2712
2993
4568
5497
5561
7068
3877
3956
4576
6780
8144
930
1948
6047
7363
684
1048
3636
4762
5539
5601
6244
6641
7117
7665
8029
1746
2929
3090
3120
3138
3622
4656
4844
5480
6222
6390
7005
7476
4845
6339
7001
7093
7529
8307
1401
1455
4230
4701
4820
6299
2348
2840
7108
7473
2143
6442
492
985
1232
7273
148
2092
1213
6568
7850
46
6058
4602
4962
5234
5876
7161
7470
8199
4850
8013
629
1292
8117
154
5810
1067
2085
4364
6021
6512
413
1833
2524
3711
4487
7488
8142
26
1656
1774
1979
2362
2376
2965
6711
8288
566
885
4594
5410
8213
1362
1407
3170
3190
7633
8215
3282
4170
5448
7456
7468
8003
438
745
842
1906
2141
3471
3553
5500
7571
8173
8265
3666
5077
5151
5332
6190
6393
6511
4139
4605
5565
6140
1496
2593
3309
4124
4868
5319
5668
6251
6851
7092
4925
5572
6388
7301
8256
1189
3176
3848
3955
4107
4697
5919
6433
7131
7672
631
4259
4643
6214
7716
8269
8302
643
3217
5041
5158
7127
1618
4301
6199
6395
7031
7703
8067
2411
3928
6099
6533
1210
1947
4207
725
2020
3427
2424
1837
444
2244
2083
171
1538
17
349
787
1952
4655
286
606
4156
3753
7862
149
6019
74
1810
6210
4401
6714
6722
7150
680
3572
3830
7436
7971
167
1412
5803
8040
1862
2610
3880
4613
1179
1754
2477
4979
7263
1842
3808
4449
7257
7272
7572
450
4036
613
997
1375
3033
3821
4515
7859
591
2716
4203
4931
4952
5155
6906
1027
2176
4015
4119
4571
6174
7869
7883
137
1336
4147
5170
5263
6126
6301
7179
7354
672
2383
3177
6926
8197
1051
1087
1461
4408
5069
6508
6908
1054
1154
5598
6294
7170
540
3670
6162
6348
1406
3072
3268
5322
6375
6895
7120
7406
8118
190
1267
3685
5695
6550
6881
6894
7239
645
5666
5677
5684
6026
6369
6816
7318
2853
5147
5829
6179
6201
6463
6656
6762
6818
6937
7951
92
779
3949
4343
5440
6426
7598
7708
1560
5135
5962
6459
6526
419
160
6005
446
3498
7296
1872
909
1951
2414
3352
598
847
1504
582
6096
3569
196
223
360
4881
6378
8064
2964
757
1668
512
658
1851
2071
3409
7424
192
1937
1957
2321
2453
3364
3492
3592
6097
7252
1432
1494
2436
2931
4211
6872
7667
1830
2255
2955
5870
2721
2874
3826
3946
5380
7826
356
3337
3387
3823
5552
5760
7506
423
2331
3351
3723
3982
4190
6994
7404
266
1716
2576
3517
3754
5977
6281
7315
7563
1073